1 Tue Apr 20 18:58:23 CEST 2021
5 8 10 2 9 -2 -2 0 10 10 -2 9 2 8 9 -2 6 1 1 -3 7 0 1 1 10 
2 Tue Apr 20 18:58:33 CEST 2021
460 0 0
10 10 0
0 6 9 -1 5 6 0 -1 4 0 10 2 -1 3 9 3 9 10 8 9 8 8 8 10 5 8 7 -1 -1 2 2 1 4 10 10 -2 7 9 9 5 1 1 9 2 6 -3 7 4 10 9 4 9 -3 0 9 5 10 7 1 8 3 1 3 8 3 4 7 6 3 0 2 10 8 3 7 5 5 10 3 0 7 -3 3 4 0 2 5 6 4 1 -2 9 -2 2 5 8 4 -2 0 1 
3 Tue Apr 20 18:58:56 CEST 2021
180 0 0
5 10 0
0 -2 8 4 3 3 9 7 6 2 10 -3 10 4 0 10 -3 -3 6 4 4 2 7 8 -3 2 1 3 1 -2 10 5 5 3 -1 -1 3 4 -3 7 3 5 0 -2 10 -2 1 0 2 8 
